Datetime: 2026-09-10T11:28:03.463Z
Working directory: /var/www/html/tame2627dam2/001-Acceso a datos/001-Manejo de ficheros/004-Operaciones sobre ficheros secuenciales y aleatorios
Command: python3 003-iterar.py

Result:
744
892
803
359
390
926
663
290
523
971
833
842
859
719
13
150
897
862
954
309
511
931
149
633
120
695
297
362
489
740
253
671
719
628
762
418
695
684
398
990
351
818
234
453
857
916
107
842
261
830
240
702
499
224
10
651
600
310
68
541
337
768
533
425
156
695
235
141
71
400
897
598
124
827
820
391
41
685
624
316
625
834
205
659
398
171
520
69
578
948
751
771
806
24
887
432
754
885
169
794
457
426
524
696
824
502
786
6
442
760
804
569
477
676
733
221
724
500
52
393
421
279
408
797
75
287
106
679
238
854
788
405
977
41
848
519
20
669
629
603
948
32
185
828
252
214
900
726
758
511
671
814
60
955
794
545
126
641
879
552
461
562
466
1
843
161
576
980
279
663
403
849
274
29
825
134
767
49
290
760
997
563
599
890
181
235
14
228
803
487
809
243
682
888
521
358
604
763
716
626
763
575
462
818
849
204
175
430
837
29
107
31
222
764
79
222
348
968
281
527
209
161
947
32
100
570
840
129
558
271
965
30
716
694
1000
726
819
889
980
712
944
622
262
203
523
733
959
866
263
688
156
996
474
67
756
601
112
594
28
539
386
743
355
422
464
875
782
962
317
300
41
513
855
852
753
866
252
187
690
550
701
140
678
936
297
964
41
77
143
780
314
373
241
464
881
908
748
871
900
459
57
230
358
856
99
641
62
915
348
901
581
585
395
342
819
522
945
305
860
984
114
649
872
95
366
692
22
593
499
792
69
239
589
794
70
65
783
770
879
847
358
203
113
908
942
318
431
465
900
228
551
516
444
669
795
135
40
94
851
470
524
405
199
726
276
70
639
167
71
885
726
665
4
238
417
854
114
142
303
345
961
486
675
571
481
34
875
874
766
464
40
646
926
973
446
118
595
68
828
604
567
573
134
564
274
260
330
31
242
423
705
559
142
203
839
222
716
621
875
914
348
611
67
669
126
564
638
830
309
743
138
758
815
856
944
847
255
538
931
414
894
765
926
956
21
136
184
825
917
524
95
347
439
942
418
136
458
892
246
547
783
816
439
154
915
76
114
746
362
739
167
994
365
785
136
575
177
328
375
675
664
669
663
271
48
61
850
631
838
794
706
488
518
6
884
135
103
459
614
379
112
424
117
367
629
35
824
524
687
623
793
103
493
633
603
904
784
372
322
211
511
175
995
776
583
787
586
908
498
678
139
102
632
904
695
167
866
870
130
272
293
209
835
906
186
793
378
853
89
429
361
739
698
731
588
401
543
563
366
481
10
571
157
10
353
218
257
967
127
502
164
639
518
630
718
579
269
746
658
699
952
232
650
797
749
46
205
169
836
744
674
432
880
976
347
412
941
304
25
539
113
844
191
542
106
206
972
443
109
855
232
290
742
443
2
838
942
629
8
363
637
689
924
309
669
789
895
159
579
282
821
621
388
41
716
244
441
810
4
512
398
131
45
834
637
85
901
791
604
967
111
956
948
998
273
806
995
248
973
357
183
63
368
418
57
188
469
765
382
236
994
430
609
285
272
666
77
859
275
942
753
558
545
352
217
364
173
98
931
517
898
349
755
703
204
96
646
564
231
287
453
295
637
637
951
130
317
923
780
272
391
460
876
436
463
702
177
474
995
501
608
485
849
844
366
904
891
766
761
337
659
600
162
418
792
876
379
496
855
993
53
218
926
477
826
373
495
222
151
352
423
375
944
802
928
142
800
380
827
876
535
161
533
338
782
707
998
562
932
456
145
434
910
968
8
666
778
960
64
764
471
572
57
611
615
868
556
2
143
965
6
841
318
565
281
4
130
731
98
680
628
1000
149
518
769
226
748
735
386
532
860
881
504
905
942
552
818
723
118
541
284
411
988
994
641
354
663
41
52
426
739
340
846
750
276
32
509
621
98
532
460
855
365
611
886
627
748
923
187
732
768
615
640
611
246
910
232
477
290
422
203
213
16
969
623
276
576
460
461
959
615
457
497
948
433
308
838
138
921
973
626
654
541
574
329
703
42
37
616
729
574
911
870
815
737
587
352
128
571
175
68
803
148
222
46
975
925
475
870
513
575
480
397
532
260
563
244
181
632
453
176
733
708
298
318
361
439
173
415
933
453
411
302
867
952
424
796
431
572
8
555
13
160
661
575
557
588
279
22
705
249
121
961
734
286
235
776
291
275
755
385
630
706
870
300
77
446
557
456
462
714
440
446
450
468
241
213
995
236
599
682
844
923
852
586
285
29
611
585
732
773
434
451
249
215
818
79
133
316
395
josevicente@josevicenteportatil:/var/www/html/tame2627dam2/001-Acceso a datos/001-Manejo de ficheros/004-Operaciones sobre ficheros secuenciales y aleatorios$ 